0.082970
0.020027
0.018001
0.018001
0.017047
0.017047
0.016093
0.015974
0.017047
0.015974
0.017047
0.016093
0.016928
0.016093
0.020027
0.015974
0.016093
0.019073
0.020027
0.020981
0.018001
0.016928
0.017047
0.024080
0.023007
0.024080
0.023007
0.022054
0.023007
0.021935
0.023961
0.021935
0.022054
0.040054
0.022054
0.022054
0.021935
0.021935
0.023007
0.021935
0.022054
0.021935
0.023961
0.021935
0.021935
0.021935
0.023007
0.023007
0.023007
0.022054
0.023007
0.021935
0.023007
0.021935
0.021935
0.022054
0.023007
0.021935
0.020981
0.021935
0.023007
0.029922
0.023961
0.023007
0.022054
0.021935
0.021935
0.024080
0.021935
0.023007
0.021935
0.021935
0.022054
0.024080
0.021935
0.022054
0.023007
0.021935
0.023961
0.023007
0.023007
0.023961
0.038028
0.021935
0.022054
0.023007
0.022054
0.022054
0.022054
0.019073
0.018001
0.018001
0.017047
0.018001
0.018001
0.016928
0.017047
0.017047
0.017047
0.018001
0.018001
0.017047
0.015974
0.017047
0.016928
0.016928
0.017047
0.017047
0.018001
0.018001
0.017047
0.016928
0.017047
0.033975
0.018001
0.017047
0.015974
0.017047
0.018001
0.017047
0.015974
0.017047
0.016093
0.016928
0.017047
0.016928
0.016928
0.015974
0.019073
0.017047
0.016928
0.016928
0.034928
0.016928
0.020981
0.016928
0.016928
0.015974
0.017047
0.022054
0.030041
0.018001
0.017047
0.017047
0.016928
0.018954
0.016928
0.015974
0.015974
0.016093
0.020027
0.018001
0.017047
0.019073
0.016928
0.016928
0.017047
0.020981
0.018001
0.017047
0.017047
0.017047
0.017047
0.015974
0.015974
0.015974
0.017047
0.017047
0.015974
0.016093
0.015974
0.018001
0.017047
0.019908
0.017047
0.018001
0.016928
0.016093
0.015974
0.014901
0.015974
0.015974
0.018954
0.015974
0.020027
0.017047
0.018001
0.017047
0.018001
0.017047
0.016093
0.016928
0.015974
0.015974
0.015974
0.017047
0.015974
0.017047
0.015974
0.017047
0.017047
0.017047
0.015974
0.015974
0.020027
0.018001
0.016928
0.016928
0.016093
0.018954
0.018001
0.017047
0.016928
0.015020
0.017047
0.015974
0.015974
0.015974
0.015974
0.016093
0.020027
0.018001
0.018001
0.018001
0.018001
0.017047
0.020027
0.018001
0.017047
0.017047
0.017047
0.017047
0.016093
0.019908
0.016928
0.023007
0.018001
0.016928
0.023007
0.017047
0.017047
0.020027
0.019073
0.019073
0.018001
0.018001
0.017047
0.016928
0.018001
0.018001
0.017047
0.020027
0.018001
0.020027
0.020027
0.018001
0.016928
0.017047
0.018001
0.020027
0.018001
0.017047
0.020027
0.020027
0.019073
0.018001
0.020981
0.029922
0.018001
0.017047
0.020027
0.015974
0.017047
0.017047
0.016928
0.020981
0.019908
0.016928
0.019908
0.017047
0.015974
0.019073
0.016928
0.017047
0.015974
0.016928
0.016928
0.015974
0.015974
0.016093
0.016093
0.015974
0.015974
0.030994
0.019073
0.019073
0.018954
0.017047
0.018001
0.017047
0.015974
